rot:
  max: 162.74527554606007
  mean: 65.33069688255435
  median: 45.49393403638392
  min: 0.7718174566259133
  num_samples: 1568
  rmse: 79.26761597579203
  std: 44.89159149913756
scale:
  max: 99.87123712329554
  mean: 0.277461848144613
  median: 0.12916123476494068
  min: 0.00018690560159573266
  num_samples: 1568
  rmse: 2.5428456948289617
  std: 2.5276627841811417
trans:
  max: 4.892240872121533
  mean: 0.024869408841736055
  median: 0.01650613853012503
  min: 0.0014876773959868095
  num_samples: 1568
  rmse: 0.12669590163376215
  std: 0.12423109109500136
