rot:
  max: 150.40702122999798
  mean: 49.30626812916023
  median: 37.45068969754762
  min: 2.350226152925574
  num_samples: 1814
  rmse: 62.37663917087971
  std: 38.20650517162599
scale:
  max: 46.44826815965899
  mean: 8.646408768016004
  median: 5.457999651636303
  min: 0.004241276716354658
  num_samples: 1814
  rmse: 12.273435069609421
  std: 8.710730384089175
trans:
  max: 2.7183603995784233
  mean: 0.6135091910802091
  median: 0.412545338028406
  min: 0.036623736638664674
  num_samples: 1814
  rmse: 0.7860739017640309
  std: 0.4914454715374178
