rot:
  max: 151.91608806392867
  mean: 12.485181094334393
  median: 3.075131332077106
  min: 0.08797565954866259
  num_samples: 1814
  rmse: 31.054468214715254
  std: 28.434138797235182
scale:
  max: 21.600444624930446
  mean: 5.191796408883298
  median: 3.969825428233853
  min: 0.0017810430408049527
  num_samples: 1814
  rmse: 7.402223879700888
  std: 5.276188815226437
trans:
  max: 1.2381900314230379
  mean: 0.4259270142658715
  median: 0.3056544709400877
  min: 0.07384726054547995
  num_samples: 1814
  rmse: 0.5111713369292542
  std: 0.2826345948687125
