rot:
  max: 174.59279129167368
  mean: 49.05437523241141
  median: 40.312910268454516
  min: 1.9873070797451786
  num_samples: 1819
  rmse: 60.71121959333626
  std: 35.77038516801402
scale:
  max: 47.48077251519549
  mean: 8.928542113460123
  median: 6.096904312539486
  min: 0.018883977478545422
  num_samples: 1819
  rmse: 12.670164999936764
  std: 8.989672789028065
trans:
  max: 2.765293945721333
  mean: 0.6412383997994923
  median: 0.4258339406449863
  min: 0.038627588091725056
  num_samples: 1819
  rmse: 0.8140791442604169
  std: 0.5015358090329738
