rot:
  max: 172.7680260473158
  mean: 56.05581568318483
  median: 42.696561517391004
  min: 0.585020175242489
  num_samples: 1815
  rmse: 67.36462251261277
  std: 37.359575671568116
scale:
  max: 3.194988896963391
  mean: 0.23772854264000215
  median: 0.12169645866602075
  min: 0.00012155522098877825
  num_samples: 1815
  rmse: 0.4279708781705028
  std: 0.35587106172923366
trans:
  max: 0.19083908775091338
  mean: 0.025142473948139683
  median: 0.01761724436750873
  min: 0.00027572526955341935
  num_samples: 1815
  rmse: 0.0380411614076808
  std: 0.028547959034094548
